3 1 2016 14 8 59 965 2 4
31 12 2015 14 8 59 1234 10 310
13 1 2016 15 22 50 1234 11 341
13 1 2016 17 6 43 965 1 2
13 1 2016 17 6 43 147 1 5
13 1 2016 17 6 43 1234 10 310
15 1 2016 17 22 34 1234 11 341
15 1 2016 18 35 56 12344 1 11
15 1 2016 22 31 43 988 2 64
15 1 2016 22 31 43 1234 21 651
15 1 2016 22 35 54 988 2 64
15 1 2016 22 35 54 12344 2.4 26.4
15 1 2016 22 41 45 988 1 32
15 1 2016 22 43 20 988 1 32
16 1 2016 1 48 2 988 2 64
16 1 2016 1 48 2 1 2 3
16 1 2016 1 50 17 147 1 4
16 1 2016 1 50 17 1234 3 93
16 1 2016 1 50 17 12344 1.2 13.2
16 1 2016 14 15 45 1234 12 372
17 1 2016 2 37 27 12344 1.1 12.1
17 1 2016 2 37 27 988 1.5 48
17 1 2016 2 37 27 1 1 1.5
17 1 2016 2 37 27 1122 2 2.8
17 1 2016 2 37 27 2233 1 3.2
17 1 2016 14 41 45 147 2 8
17 1 2016 15 0 27 911 1 19.99
17 1 2016 15 0 27 1 1 1.5
17 1 2016 15 7 10 988 10 320
17 1 2016 15 25 51 1 1 1.5
17 1 2016 15 25 51 2233 7 22.4
17 1 2016 15 55 24 9899 2 376
17 1 2016 17 49 18 9899 9 1692
17 1 2016 17 49 18 1 1 1.5
17 1 2016 20 18 8 988 12.45 398.4
17 1 2016 20 18 41 1122 2 2.8
17 1 2016 20 18 41 145 0.36 2.34
-1